N = 6
K1(A) = 19.195669358089216

Matrice A :
2.000000000000000 -1.000000000000000 0.000000000000000 0.000000000000000 0.000000000000000 0.000000000000000 
-1.000000000000000 2.000000000000000 -1.000000000000000 0.000000000000000 0.000000000000000 0.000000000000000 
0.000000000000000 -1.000000000000000 2.000000000000000 -1.000000000000000 0.000000000000000 0.000000000000000 
0.000000000000000 0.000000000000000 -1.000000000000000 2.000000000000000 -1.000000000000000 0.000000000000000 
0.000000000000000 0.000000000000000 0.000000000000000 -1.000000000000000 2.000000000000000 -1.000000000000000 
0.000000000000000 0.000000000000000 0.000000000000000 0.000000000000000 -1.000000000000000 2.000000000000000 

Vecteur b = 
1.000000000000000 0.000000000000000 0.000000000000000 0.000000000000000 0.000000000000000 1.000000000000000 

Matrice L: 
1.000000000000000 0.000000000000000 0.000000000000000 0.000000000000000 0.000000000000000 0.000000000000000 
-0.500000000000000 1.000000000000000 0.000000000000000 0.000000000000000 0.000000000000000 0.000000000000000 
0.000000000000000 -0.666666666666667 1.000000000000000 0.000000000000000 0.000000000000000 0.000000000000000 
0.000000000000000 0.000000000000000 -0.750000000000000 1.000000000000000 0.000000000000000 0.000000000000000 
0.000000000000000 0.000000000000000 0.000000000000000 -0.800000000000000 1.000000000000000 0.000000000000000 
0.000000000000000 0.000000000000000 0.000000000000000 0.000000000000000 -0.833333333333333 1.000000000000000 

Matrice U: 
2.000000000000000 -1.000000000000000 0.000000000000000 0.000000000000000 0.000000000000000 0.000000000000000 
0.000000000000000 1.500000000000000 -1.000000000000000 0.000000000000000 0.000000000000000 0.000000000000000 
0.000000000000000 0.000000000000000 1.333333333333333 -1.000000000000000 0.000000000000000 0.000000000000000 
0.000000000000000 0.000000000000000 0.000000000000000 1.250000000000000 -1.000000000000000 0.000000000000000 
0.000000000000000 0.000000000000000 0.000000000000000 0.000000000000000 1.200000000000000 -1.000000000000000 
0.000000000000000 0.000000000000000 0.000000000000000 0.000000000000000 0.000000000000000 1.166666666666667 

Solution numerique de X: 
1.000000000000000 1.000000000000000 1.000000000000000 1.000000000000000 1.000000000000000 1.000000000000000 
Erreur ||X - 1||_2 = 0.000000000000000 