N = 4, n = 4
K1A = 9.472135954999580

Matrice A par blocs: 
Ligne de blocs 1 : 
 B_1 :
4.000000000000000 -1.000000000000000 0.000000000000000 0.000000000000000 
-1.000000000000000 4.000000000000000 -1.000000000000000 0.000000000000000 
0.000000000000000 -1.000000000000000 4.000000000000000 -1.000000000000000 
0.000000000000000 0.000000000000000 -1.000000000000000 4.000000000000000 
 C_1 :
-1.000000000000000 0.000000000000000 0.000000000000000 0.000000000000000 
0.000000000000000 -1.000000000000000 0.000000000000000 0.000000000000000 
0.000000000000000 0.000000000000000 -1.000000000000000 0.000000000000000 
0.000000000000000 0.000000000000000 0.000000000000000 -1.000000000000000 

Ligne de blocs 2 : 
 A_2 :
-1.000000000000000 0.000000000000000 0.000000000000000 0.000000000000000 
0.000000000000000 -1.000000000000000 0.000000000000000 0.000000000000000 
0.000000000000000 0.000000000000000 -1.000000000000000 0.000000000000000 
0.000000000000000 0.000000000000000 0.000000000000000 -1.000000000000000 
 B_2 :
4.000000000000000 -1.000000000000000 0.000000000000000 0.000000000000000 
-1.000000000000000 4.000000000000000 -1.000000000000000 0.000000000000000 
0.000000000000000 -1.000000000000000 4.000000000000000 -1.000000000000000 
0.000000000000000 0.000000000000000 -1.000000000000000 4.000000000000000 
 C_2 :
-1.000000000000000 0.000000000000000 0.000000000000000 0.000000000000000 
0.000000000000000 -1.000000000000000 0.000000000000000 0.000000000000000 
0.000000000000000 0.000000000000000 -1.000000000000000 0.000000000000000 
0.000000000000000 0.000000000000000 0.000000000000000 -1.000000000000000 

Ligne de blocs 3 : 
 A_3 :
-1.000000000000000 0.000000000000000 0.000000000000000 0.000000000000000 
0.000000000000000 -1.000000000000000 0.000000000000000 0.000000000000000 
0.000000000000000 0.000000000000000 -1.000000000000000 0.000000000000000 
0.000000000000000 0.000000000000000 0.000000000000000 -1.000000000000000 
 B_3 :
4.000000000000000 -1.000000000000000 0.000000000000000 0.000000000000000 
-1.000000000000000 4.000000000000000 -1.000000000000000 0.000000000000000 
0.000000000000000 -1.000000000000000 4.000000000000000 -1.000000000000000 
0.000000000000000 0.000000000000000 -1.000000000000000 4.000000000000000 
 C_3 :
-1.000000000000000 0.000000000000000 0.000000000000000 0.000000000000000 
0.000000000000000 -1.000000000000000 0.000000000000000 0.000000000000000 
0.000000000000000 0.000000000000000 -1.000000000000000 0.000000000000000 
0.000000000000000 0.000000000000000 0.000000000000000 -1.000000000000000 

Ligne de blocs 4 : 
 A_4 :
-1.000000000000000 0.000000000000000 0.000000000000000 0.000000000000000 
0.000000000000000 -1.000000000000000 0.000000000000000 0.000000000000000 
0.000000000000000 0.000000000000000 -1.000000000000000 0.000000000000000 
0.000000000000000 0.000000000000000 0.000000000000000 -1.000000000000000 
 B_4 :
4.000000000000000 -1.000000000000000 0.000000000000000 0.000000000000000 
-1.000000000000000 4.000000000000000 -1.000000000000000 0.000000000000000 
0.000000000000000 -1.000000000000000 4.000000000000000 -1.000000000000000 
0.000000000000000 0.000000000000000 -1.000000000000000 4.000000000000000 

Matrice L par blocs
Bloc diagonal L_1 = Id : 
1.000000000000000 0.000000000000000 0.000000000000000 0.000000000000000 
0.000000000000000 1.000000000000000 0.000000000000000 0.000000000000000 
0.000000000000000 0.000000000000000 1.000000000000000 0.000000000000000 
0.000000000000000 0.000000000000000 0.000000000000000 1.000000000000000 

Matrice U par blocs
Solution numérique X
